f5e7f6fc
f47094b4
74c26ab6
73588158
f3546524
f24355ac
71ea9e36
70e403d2
f0c2ed82
efc8e7d8
6f537574
6e68b53c
ede74cea
ed4a4388
6c7ecca8
6be83cde
eb4d16ea
eac87d0e
69dcb6e0
696401c6
e86e11d0
e8447c88
674050a6
66dd2e90
e5c9b00c
e57e0226
64524542
6454b68a
e2d8a258
e2f14952
615a8eac
61cb5b6a
dfd4b060
e063c0b0
5e42157e
5f41b36a
dbee4788
ddd62130
dad238b8
5c705eaa
5a4d3a64
db48f302
d953303c
59de40c2
584b8492
d8792b1a
d6fdeb46
574d7b32
55e3b4f2
d5e28dbc
d4cc3f0a
547ca36c
5371b086
d34e5486
d253203c
51e1cd00
50f7aeb0
d07938a0
cfd50f86
4f4a83e8
4e779ae2
cddac4a0
cd534e00
4c6d64fc
4bf316ae
cb41195a
cacee9da
49cc4fac
496b7e04
c857c6a4
c848c1f4
46e28362
46e1ece2
c56aeb84
c5c18a3e
43ee7d48
445745ee
c2696bf8
c2f2273e
40d6c040
41caa800
40000000
c061a67e
40000000
40000000
40000000
40000000
40000000
40000000
40000000
40000000
40000000
40000000
40000000
40000000
40000000
40000000
40000000
40000000
40000000
40000000
40000000
40000000
40000000
40000000
40000000
40000000
40000000
40000000
40000000
40000000
40000000
40000000
40000000
40000000
40000000
40000000
40000000
40000000
40000000
40000000
40000000
40000000
40000000
40000000
40000000
40000000
40000000
40000000
40000000
40000000
40000000
40000000
40000000
40000000
40000000
40000000
40000000
40000000
40000000
40000000
40000000
40000000
40000000
40000000
40000000
40000000
40000000
40000000
40000000
40000000
40000000
40000000
40000000
40000000
40000000
40000000
40000000
40000000
40000000
40000000
40000000
40000000
40000000
40000000
40000000
40000000
40000000
40000000
40000000
40000000
40000000
40000000
40000000
40000000
40000000
40000000
40000000
40000000
40000000
40000000
40000000
40000000
40000000
40000000
40000000
40000000
40000000
40000000
40000000
40000000
40000000
40000000
40000000
40000000
40000000
40000000
40000000
40000000
40000000
40000000
40000000
40000000
40000000
40000000
40000000
40000000
40000000
40000000
40000000
40000000
40000000
40000000
40000000
40000000
40000000
40000000
40000000
40000000
40000000
40000000
40000000
40000000
40000000
40000000
40000000
40000000
40000000
40000000
40000000
40000000
40000000
40000000
40000000
40000000
40000000
40000000
40000000
40000000
40000000
40000000
40000000
40000000
40000000
40000000
40000000
40000000
40000000
40000000
40000000
40000000
40000000
40000000
40000000
40000000
40000000
40000000
40000000
40000000
40000000
40000000
40000000
40000000
40000000
40000000
40000000
40000000
40000000
40000000
40000000
40000000
40000000
40000000
40000000
40000000
40000000
40000000
40000000
40000000
40000000
40000000
40000000
40000000
40000000
40000000
40000000
40000000
40000000
40000000
40000000
40000000
40000000
40000000
40000000
40000000
40000000
40000000
40000000
40000000
40000000
40000000
40000000
40000000
40000000
40000000
40000000
40000000
40000000
40000000
40000000
40000000
40000000
40000000
40000000
40000000
40000000
40000000
40000000
40000000
40000000
40000000
40000000
40000000
40000000
40000000
40000000
40000000
40000000
40000000
40000000
40000000
40000000
40000000
40000000
40000000
40000000
40000000
40000000
40000000
40000000
40000000
40000000
40000000
40000000
40000000
40000000
40000000
40000000
40000000
40000000
40000000
40000000
40000000
40000000
40000000
40000000
40000000
40000000
40000000
40000000
40000000
40000000
40000000
40000000
40000000
40000000
40000000
40000000
40000000
40000000
40000000
40000000
40000000
40000000
40000000
40000000
40000000
40000000
40000000
40000000
40000000
40000000
40000000
40000000
40000000
40000000
40000000
40000000
40000000
40000000
40000000
40000000
40000000
40000000
40000000
40000000
40000000
40000000
40000000
40000000
40000000
40000000
40000000
40000000
40000000
40000000
40000000
40000000
40000000
40000000
40000000
40000000
40000000
40000000
40000000
40000000
40000000
40000000
40000000
40000000
40000000
40000000
40000000
40000000
40000000
40000000
40000000
40000000
40000000
40000000
40000000
40000000
40000000
40000000
40000000
40000000
40000000
40000000
40000000
40000000
40000000
40000000
40000000
40000000
40000000
40000000
40000000
40000000
40000000
40000000
40000000
40000000
40000000
40000000
40000000
40000000
40000000
40000000
40000000
40000000
40000000
40000000
40000000
40000000
40000000
40000000
40000000
40000000
40000000
40000000
40000000
40000000
40000000
40000000
40000000
40000000
40000000
40000000
40000000
40000000
40000000
40000000
40000000
40000000
40000000
40000000
40000000
40000000
40000000
40000000
40000000
40000000
40000000
40000000
40000000
40000000
40000000
40000000
40000000
40000000
40000000
40000000
40000000
40000000
40000000
40000000
40000000
40000000
40000000
40000000
40000000
40000000
40000000
40000000
40000000
40000000
40000000
40000000
40000000
40000000
40000000
40000000
40000000
40000000
40000000
40000000
40000000
40000000
40000000
40000000
40000000
40000000
40000000
40000000
40000000
40000000
40000000
40000000
40000000
40000000
40000000
40000000
40000000
40000000
40000000
40000000
40000000
40000000
40000000
40000000
40000000
40000000
40000000
40000000
40000000
40000000
40000000
40000000
40000000
40000000
40000000
40000000
40000000
40000000
40000000
40000000
40000000
40000000
40000000
40000000
40000000
40000000
40000000
40000000
40000000
40000000
40000000
40000000
40000000
40000000
40000000
40000000
40000000
40000000
40000000
40000000
40000000
40000000
40000000
40000000
40000000
40000000
40000000
40000000
40000000
40000000
40000000
40000000
40000000
40000000
40000000
40000000
40000000
40000000
40000000
40000000
40000000
40000000
40000000
40000000
40000000
40000000
40000000
40000000
40000000
40000000
40000000
40000000
40000000
40000000
40000000
40000000
40000000
40000000
40000000
40000000
40000000
40000000
40000000
40000000
40000000
40000000
40000000
40000000
40000000
40000000
40000000
40000000
40000000
40000000
40000000
40000000
40000000
40000000
40000000
40000000
40000000
40000000
40000000
40000000
40000000
40000000
40000000
40000000
40000000
40000000
40000000
40000000
40000000
40000000
40000000
40000000
40000000
40000000
40000000
40000000
40000000
40000000
40000000
40000000
40000000
40000000
40000000
40000000
40000000
40000000
40000000
40000000
40000000
40000000
40000000
40000000
40000000
40000000
40000000
40000000
40000000
40000000
40000000
40000000
40000000
40000000
40000000
40000000
40000000
40000000
40000000
40000000
40000000
40000000
40000000
40000000
40000000
40000000
40000000
40000000
40000000
40000000
40000000
40000000
40000000
40000000
40000000
40000000
40000000
40000000
40000000
40000000
40000000
40000000
40000000
40000000
40000000
40000000
40000000
40000000
40000000
40000000
40000000
40000000
40000000
40000000
40000000
40000000
40000000
40000000
40000000
40000000
40000000
40000000
40000000
40000000
40000000
40000000
40000000
40000000
40000000
40000000
40000000
40000000
40000000
40000000
40000000
40000000
40000000
40000000
40000000
40000000
40000000
40000000
40000000
40000000
40000000
40000000
40000000
40000000
40000000
40000000
40000000
40000000
40000000
40000000
40000000
40000000
40000000
40000000
40000000
40000000
40000000
40000000
40000000
40000000
40000000
40000000
40000000
40000000
40000000
40000000
40000000
40000000
40000000
40000000
40000000
40000000
40000000
40000000
40000000
40000000
40000000
40000000
40000000
40000000
40000000
40000000
40000000
40000000
40000000
40000000
40000000
40000000
40000000
40000000
40000000
40000000
40000000
40000000
40000000
40000000
40000000
40000000
40000000
40000000
40000000
40000000
40000000
40000000
40000000
40000000
40000000
40000000
40000000
40000000
40000000
40000000
40000000
40000000
40000000
40000000
40000000
40000000
40000000
40000000
40000000
40000000
40000000
40000000
40000000
40000000
40000000
40000000
40000000
40000000
40000000
40000000
40000000
40000000
40000000
40000000
40000000
40000000
40000000
40000000
40000000
40000000
40000000
40000000
40000000
40000000
40000000
40000000
40000000
40000000
40000000
40000000
40000000
40000000
40000000
40000000
40000000
40000000
40000000
40000000
40000000
40000000
40000000
40000000
40000000
40000000
40000000
40000000
40000000
40000000
40000000
40000000
40000000
40000000
40000000
40000000
40000000
40000000
40000000
40000000
40000000
40000000
40000000
40000000
40000000
40000000
40000000
40000000
40000000
40000000
40000000
40000000
40000000
40000000
40000000
40000000
40000000
40000000
40000000
40000000
40000000
40000000
40000000
40000000
40000000
40000000
40000000
40000000
40000000
40000000
40000000
40000000
40000000
40000000
40000000
40000000
40000000
40000000
40000000
40000000
40000000
40000000
40000000
40000000
40000000
40000000
40000000
40000000
40000000
40000000
40000000
40000000
40000000
40000000
40000000
40000000
40000000
40000000
40000000
40000000
40000000
40000000
40000000
40000000
40000000
40000000
40000000
40000000
40000000
40000000
40000000
40000000
40000000
40000000
40000000
40000000
40000000
40000000
40000000
40000000
40000000
40000000
40000000
40000000
40000000
40000000
40000000
40000000
40000000
40000000
40000000
40000000
40000000
40000000
40000000
40000000
40000000
40000000
