75d2d844
74f8c12a
74580184
73c02382
72dd7d12
7244226c
71635012
70c86110
6fe97ff6
6f4ce366
6e701286
6dd1ada6
6cf70de6
6c56c44a
6b7e78a2
6adc2c16
6a432cd4
6961ea18
68c75c2a
67e803ac
674bce3e
666e7e8a
65d0873a
64f560c0
64558b86
637cb0be
62dadfd6
62423aae
61608924
60c65af0
5fe68cbe
5f4abd00
5e6cf042
5dcf64f6
5cf3b9aa
5c54572e
5b7aef4e
5ad99848
5a414bf6
595f2d2e
58c55d58
57e51b1a
5749af9a
566b6796
55ce46c8
54f21886
5453272c
5379342e
52d85556
52406098
515dd61c
50c46350
4fe3aea8
4f48a5fe
4e69e46e
4dcd2ca0
4cf07d42
4c51fb70
4b777f4a
4ad716ee
49fef116
495c83e0
48c36cce
47e24758
4747a020
466866bc
45cc1672
44eee7c8
4450d3ee
4375d08e
42d5dd02
41fd2784
415b3666
40c279c4
3fe0e518
40000000
40000000
40000000
40000000
40000000
40000000
40000000
40000000
40000000
40000000
40000000
40000000
40000000
40000000
40000000
40000000
40000000
40000000
40000000
40000000
40000000
40000000
40000000
40000000
40000000
40000000
40000000
40000000
40000000
40000000
40000000
40000000
40000000
40000000
40000000
40000000
40000000
40000000
40000000
40000000
40000000
40000000
40000000
40000000
40000000
40000000
40000000
40000000
40000000
40000000
40000000
40000000
40000000
40000000
40000000
40000000
40000000
40000000
40000000
40000000
40000000
40000000
40000000
40000000
40000000
40000000
40000000
40000000
40000000
40000000
40000000
40000000
40000000
40000000
40000000
40000000
40000000
40000000
40000000
40000000
40000000
40000000
40000000
40000000
40000000
40000000
40000000
40000000
40000000
40000000
40000000
40000000
40000000
40000000
40000000
40000000
40000000
40000000
40000000
40000000
40000000
40000000
40000000
40000000
40000000
40000000
40000000
40000000
40000000
40000000
40000000
40000000
40000000
40000000
40000000
40000000
40000000
40000000
40000000
40000000
40000000
40000000
40000000
40000000
40000000
40000000
40000000
40000000
40000000
40000000
40000000
40000000
40000000
40000000
40000000
40000000
40000000
40000000
40000000
40000000
40000000
40000000
40000000
40000000
40000000
40000000
40000000
40000000
40000000
40000000
40000000
40000000
40000000
40000000
40000000
40000000
40000000
40000000
40000000
40000000
40000000
40000000
40000000
40000000
40000000
40000000
40000000
40000000
40000000
40000000
40000000
40000000
40000000
40000000
40000000
40000000
40000000
40000000
40000000
40000000
40000000
40000000
40000000
40000000
40000000
40000000
40000000
40000000
40000000
40000000
40000000
40000000
40000000
40000000
40000000
40000000
40000000
40000000
40000000
40000000
40000000
40000000
40000000
40000000
40000000
40000000
40000000
40000000
40000000
40000000
40000000
40000000
40000000
40000000
40000000
40000000
40000000
40000000
40000000
40000000
40000000
40000000
40000000
40000000
40000000
40000000
40000000
40000000
40000000
40000000
40000000
40000000
40000000
40000000
40000000
40000000
40000000
40000000
40000000
40000000
40000000
40000000
40000000
40000000
40000000
40000000
40000000
40000000
40000000
40000000
40000000
40000000
40000000
40000000
40000000
40000000
40000000
40000000
40000000
40000000
40000000
40000000
40000000
40000000
40000000
40000000
40000000
40000000
40000000
40000000
40000000
40000000
40000000
40000000
40000000
40000000
40000000
40000000
40000000
40000000
40000000
40000000
40000000
40000000
40000000
40000000
40000000
40000000
40000000
40000000
40000000
40000000
40000000
40000000
40000000
40000000
40000000
40000000
40000000
40000000
40000000
40000000
40000000
40000000
40000000
40000000
40000000
40000000
40000000
40000000
40000000
40000000
40000000
40000000
40000000
40000000
40000000
40000000
40000000
40000000
40000000
40000000
40000000
40000000
40000000
40000000
40000000
40000000
40000000
40000000
40000000
40000000
40000000
40000000
40000000
40000000
40000000
40000000
40000000
40000000
40000000
40000000
40000000
40000000
40000000
40000000
40000000
40000000
40000000
40000000
40000000
40000000
40000000
40000000
40000000
40000000
40000000
40000000
40000000
40000000
40000000
40000000
40000000
40000000
40000000
40000000
40000000
40000000
40000000
40000000
40000000
40000000
40000000
40000000
40000000
40000000
40000000
40000000
40000000
40000000
40000000
40000000
40000000
40000000
40000000
40000000
40000000
40000000
40000000
40000000
40000000
40000000
40000000
40000000
40000000
40000000
40000000
40000000
40000000
40000000
40000000
40000000
40000000
40000000
40000000
40000000
40000000
40000000
40000000
40000000
40000000
40000000
40000000
40000000
40000000
40000000
40000000
40000000
40000000
40000000
40000000
40000000
40000000
40000000
40000000
40000000
40000000
40000000
40000000
40000000
40000000
40000000
40000000
40000000
40000000
40000000
40000000
40000000
40000000
40000000
40000000
40000000
40000000
40000000
40000000
40000000
40000000
40000000
40000000
40000000
40000000
40000000
40000000
40000000
40000000
40000000
40000000
40000000
40000000
40000000
40000000
40000000
40000000
40000000
40000000
40000000
40000000
40000000
40000000
40000000
40000000
40000000
40000000
40000000
40000000
40000000
40000000
40000000
40000000
40000000
40000000
40000000
40000000
40000000
40000000
40000000
40000000
40000000
40000000
40000000
40000000
40000000
40000000
40000000
40000000
40000000
40000000
40000000
40000000
40000000
40000000
40000000
40000000
40000000
40000000
40000000
40000000
40000000
40000000
40000000
40000000
40000000
40000000
40000000
40000000
40000000
40000000
40000000
40000000
40000000
40000000
40000000
40000000
40000000
40000000
40000000
40000000
40000000
40000000
40000000
40000000
40000000
40000000
40000000
40000000
40000000
40000000
40000000
40000000
40000000
40000000
40000000
40000000
40000000
40000000
40000000
40000000
40000000
40000000
40000000
40000000
40000000
40000000
40000000
40000000
40000000
40000000
40000000
40000000
40000000
40000000
40000000
40000000
40000000
40000000
40000000
40000000
40000000
40000000
40000000
40000000
40000000
40000000
40000000
40000000
40000000
40000000
40000000
40000000
40000000
40000000
40000000
40000000
40000000
40000000
40000000
40000000
40000000
40000000
40000000
40000000
40000000
40000000
40000000
40000000
40000000
40000000
40000000
40000000
40000000
40000000
40000000
40000000
40000000
40000000
40000000
40000000
40000000
40000000
40000000
40000000
40000000
40000000
40000000
40000000
40000000
40000000
40000000
40000000
40000000
40000000
40000000
40000000
40000000
40000000
40000000
40000000
40000000
40000000
40000000
40000000
40000000
40000000
40000000
40000000
40000000
40000000
40000000
40000000
40000000
40000000
40000000
40000000
40000000
40000000
40000000
40000000
40000000
40000000
40000000
40000000
40000000
40000000
40000000
40000000
40000000
40000000
40000000
40000000
40000000
40000000
40000000
40000000
40000000
40000000
40000000
40000000
40000000
40000000
40000000
40000000
40000000
40000000
40000000
40000000
40000000
40000000
40000000
40000000
40000000
40000000
40000000
40000000
40000000
40000000
40000000
40000000
40000000
40000000
40000000
40000000
40000000
40000000
40000000
40000000
40000000
40000000
40000000
40000000
40000000
40000000
40000000
40000000
40000000
40000000
40000000
40000000
40000000
40000000
40000000
40000000
40000000
40000000
40000000
40000000
40000000
40000000
40000000
40000000
40000000
40000000
40000000
40000000
40000000
40000000
40000000
40000000
40000000
40000000
40000000
40000000
40000000
40000000
40000000
40000000
40000000
40000000
40000000
40000000
40000000
40000000
40000000
40000000
40000000
40000000
40000000
40000000
40000000
40000000
40000000
40000000
40000000
40000000
40000000
40000000
40000000
40000000
40000000
40000000
40000000
40000000
40000000
40000000
40000000
40000000
40000000
40000000
40000000
40000000
40000000
40000000
40000000
40000000
40000000
40000000
40000000
40000000
40000000
40000000
40000000
40000000
40000000
40000000
40000000
40000000
40000000
40000000
40000000
40000000
40000000
40000000
40000000
40000000
40000000
40000000
40000000
40000000
40000000
40000000
40000000
40000000
40000000
40000000
40000000
40000000
40000000
40000000
40000000
40000000
40000000
40000000
40000000
40000000
40000000
40000000
40000000
40000000
40000000
40000000
40000000
40000000
40000000
40000000
40000000
40000000
40000000
40000000
40000000
40000000
40000000
40000000
40000000
40000000
40000000
40000000
40000000
40000000
40000000
40000000
40000000
40000000
40000000
40000000
40000000
40000000
40000000
40000000
40000000
40000000
40000000
40000000
40000000
40000000
40000000
40000000
40000000
40000000
40000000
40000000
40000000
40000000
40000000
40000000
40000000
40000000
40000000
40000000
40000000
40000000
40000000
40000000
40000000
40000000
40000000
40000000
40000000
40000000
40000000
40000000
40000000
40000000
40000000
40000000
40000000
40000000
40000000
40000000
40000000
40000000
40000000
40000000
40000000
40000000
40000000
40000000
40000000
40000000
40000000
40000000
40000000
40000000
40000000
40000000
40000000
40000000
40000000
40000000
40000000
40000000
40000000
40000000
40000000
40000000
40000000
40000000
40000000
40000000
40000000
40000000
40000000
40000000
40000000
40000000
40000000
40000000
